world: 8da8dff8-c7e0-47cd-bf10-d93ee1942d16
world-name: FFAS
x: -306.4904529804825
y: 32.0
z: -2063.6271037843876
yaw: -0.9637451171875
pitch: 1.4066635370254517
name: axepvp
lastowner: 419ca5e5-b7d2-3721-8448-7decd3da47a3
