world: 8da8dff8-c7e0-47cd-bf10-d93ee1942d16
world-name: FFAS
x: -293.5142960139015
y: 31.0
z: -2590.3861405233897
yaw: 89.650634765625
pitch: 1.6653496026992798
name: builduhc
lastowner: 419ca5e5-b7d2-3721-8448-7decd3da47a3
