world: 8da8dff8-c7e0-47cd-bf10-d93ee1942d16
world-name: FFAS
x: 72.55834108671127
y: 53.0
z: -3068.2477478059245
yaw: -177.83982849121094
pitch: 1.148797869682312
name: cart
lastowner: 419ca5e5-b7d2-3721-8448-7decd3da47a3
