world: 8da8dff8-c7e0-47cd-bf10-d93ee1942d16
world-name: FFAS
x: -304.52303831019304
y: 42.0
z: -2925.516091337705
yaw: -50.29923629760742
pitch: -1.9507380723953247
name: elytrafight
lastowner: 419ca5e5-b7d2-3721-8448-7decd3da47a3
