world: 8da8dff8-c7e0-47cd-bf10-d93ee1942d16
world-name: FFAS
x: 304.55704592395045
y: 65.0
z: 532.7414826584883
yaw: -178.7356414794922
pitch: 3.3577680587768555
name: nethpot
lastowner: 419ca5e5-b7d2-3721-8448-7decd3da47a3
