world: 8da8dff8-c7e0-47cd-bf10-d93ee1942d16
world-name: FFAS
x: -364.4028796762189
y: 59.0
z: -3142.248992836027
yaw: 90.15542602539062
pitch: 0.3738848567008972
name: smpkit
lastowner: 419ca5e5-b7d2-3721-8448-7decd3da47a3
