world: 8da8dff8-c7e0-47cd-bf10-d93ee1942d16
world-name: FFAS
x: -1078.5
y: 42.0
z: -1989.5
yaw: -0.04018208384513855
pitch: -0.9175086617469788
name: tank
lastowner: 419ca5e5-b7d2-3721-8448-7decd3da47a3
