world: 5130b709-4fa1-4e54-8c79-2f0d11b795d8
world-name: FFA
x: 76.5398316405259
y: 109.0
z: 76.57010376167746
yaw: -87.87249755859375
pitch: 1.6652854681015015
name: uhc
lastowner: 419ca5e5-b7d2-3721-8448-7decd3da47a3
