world: 8da8dff8-c7e0-47cd-bf10-d93ee1942d16
world-name: FFAS
x: 307.4702209728992
y: 45.0
z: -2058.3501525086017
yaw: 179.87701416015625
pitch: -0.11564698070287704
name: woodpvp
lastowner: 419ca5e5-b7d2-3721-8448-7decd3da47a3
